Plot	Row	Column	Genotype	Year	Germ	PH
1	1	1	G217	1979	60	90
2	1	2	G235	1980	86	70
3	1	3	G238	1984	47	70
4	1	4	G237	2010	38	70
5	1	5	G131	2001	56	75
6	1	6	G209	2010	43	85
7	1	7	G13	2018	95	130
8	1	8	G60	1979	42	85
9	1	9	G218	2010	62	105
10	1	10	G218	1979	43	90
11	1	11	G243	2003	70	70
12	1	12	G221	1979	49	95
13	1	13	G156	1980	59	90
14	1	14	G213	1979	58	110
15	1	15	G225	1979	48	100
16	1	16	G231	1985	31	85
17	2	16	G107	1980	63	70
18	2	15	G212	1979	37	105
19	2	14	G195	1979	66	100
20	2	13	G206	1979	64	90
21	2	12	G13	2018	95	120
22	2	11	G157	1984	64	105
23	2	10	G189	1980	66	95
24	2	9	G249	1980	69	95
25	2	8	G135	1980	54	105
26	2	7	G27	1980	63	90
27	2	6	G12	1980	50	90
28	2	5	G226	1986	70	120
29	2	4	G61	1985	46	100
30	2	3	G232	1985	NA	80
31	2	2	G181	1979	53	90
32	2	1	G183	1979	60	105
33	3	1	G256	2005	68	75
34	3	2	G256	1986	44	75
35	3	3	G48	1996	63	90
36	3	4	G185	1992	62	80
37	3	5	G233	1979	61	105
38	3	6	G82	1980	66	105
39	3	7	G250	2001	33	115
40	3	8	G13	2018	95	120
41	3	9	G219	1979	38	115
42	3	10	G242	1979	43	110
43	3	11	G64	1986	58	85
44	3	12	G248	1980	53	85
45	3	13	G227	2004	59	95
46	3	14	G190	1983	60	100
47	3	15	G192	1992	65	80
48	3	16	G240	2001	36	100
49	4	16	G244	1980	83	125
50	4	15	G254	1980	61	80
51	4	14	G216	1979	61	125
52	4	13	G211	1985	35	95
53	4	12	G214	1979	62	100
54	4	11	G230	1979	63	195
55	4	10	G193	1979	62	100
56	4	9	G255	1986	65	100
57	4	8	G184	1983	67	100
58	4	7	G184	1982	65	120
59	4	6	G178	1980	55	105
60	4	5	G246	2010	62	105
61	4	4	G34	2010	38	95
62	4	3	G133	2001	67	70
63	4	2	G13	2018	95	120
64	4	1	G132	1983	38	90
65	5	1	G220	1979	37	100
66	5	2	G229	1979	59	115
67	5	3	G239	2003	59	100
68	5	4	G65	2003	52	100
69	5	5	G223	1979	39	155
70	5	6	G75	1980	62	90
71	5	7	G188	1979	81	110
72	5	8	G88	1980	60	105
73	5	9	G13	2018	95	120
74	5	10	G134	1980	63	100
75	5	11	G97	1985	34	105
76	5	12	G49	1984	52	105
77	5	13	G203	1985	30	115
78	5	14	G247	2010	64	120
79	5	15	G247	1980	49	120
80	5	16	G207	1982	50	125
81	6	16	G208	1986	53	120
82	6	15	G224	1985	46	110
83	6	14	G228	1979	63	115
84	6	13	G122	2003	63	135
85	6	12	G126	2003	47	120
86	6	11	G83	1980	58	115
87	6	10	G196	1980	36	135
88	6	9	G13	2018	95	125
89	6	8	G234	1980	56	105
90	6	7	G14	2010	41	140
91	6	6	G245	1980	57	130
92	6	5	G176	2005	70	100
93	6	4	G176	1980	38	105
94	6	3	G158	1984	70	110
95	6	2	G158	1980	47	115
96	6	1	G205	2010	70	115
97	7	1	G74	1980	50	105
98	7	2	G92	1980	39	145
99	7	3	G46	1982	67	160
100	7	4	G59	1979	57	110
101	7	5	G98	1982	65	165
102	7	6	G182	1986	51	105
103	7	7	G177	1980	69	100
104	7	8	G47	2003	54	100
105	7	9	G191	1979	63	105
106	7	10	G179	1980	51	90
107	7	11	G26	1984	69	145
108	7	12	G123	2003	50	115
109	7	13	G236	1980	54	105
110	7	14	G159	1985	65	105
111	7	15	G94	1980	41	130
112	7	16	G163	1996	57	320
113	8	16	G93	1980	60	155
114	8	15	G120	1980	37	210
115	8	14	G194	1979	60	110
116	8	13	G162	1996	67	315
117	8	12	G215	1979	62	110
118	8	11	G154	1985	66	145
119	8	10	G154	1984	65	150
120	8	9	G115	1986	45	190
121	8	8	G124	1986	35	150
122	8	7	G63	1980	48	95
123	8	6	G90	1980	53	190
124	8	5	G77	1983	39	180
125	8	4	G86	1983	36	170
126	8	3	G42	2003	47	110
127	8	2	G42	1983	51	160
128	8	1	G22	1984	55	140
129	9	1	G25	2003	48	185
130	9	2	G24	1984	39	150
131	9	3	G199	1984	41	230
132	9	4	G202	1984	41	160
133	9	5	G138	1984	51	190
134	9	6	G164	1990	65	320
135	9	7	G16	1984	31	200
136	9	8	G23	2003	66	195
137	9	9	G127	1999	69	210
138	9	10	G127	1997	53	220
139	9	11	G119	1988	47	190
140	9	12	G125	1986	39	280
141	9	13	G129	1980	55	140
142	9	14	G100	2004	63	150
143	9	15	G155	1980	66	100
144	9	16	G109	1986	70	170
145	10	16	G33	2003	58	155
146	10	15	G31	1984	82	180
147	10	14	G17	2003	70	205
148	10	13	G200	2003	70	200
149	10	12	G137	1984	39	195
150	10	11	G141	1980	67	210
151	10	10	G222	1979	59	80
152	10	9	G128	1986	63	215
153	10	8	G116	1986	45	190
154	10	7	G121	1986	41	215
155	10	6	G55	2003	59	205
156	10	5	G8	1980	48	230
157	10	4	G149	1982	45	295
158	10	3	G111	1985	45	170
159	10	2	G186	1979	70	135
160	10	1	G2	2010	62	300
161	11	1	G252	1980	37	195
162	11	2	G7	1980	57	230
163	11	3	G9	1985	NA	270
164	11	4	G96	1983	36	200
165	11	5	G197	2003	54	210
166	11	6	G197	1985	54	230
167	11	7	G28	2003	57	230
168	11	8	G18	2003	52	265
169	11	9	G15	1984	52	225
170	11	10	G201	1984	49	205
171	11	11	G161	1990	61	310
172	11	12	G81	1980	54	105
173	11	13	G3	2010	67	190
174	11	14	G5	1980	41	265
175	11	15	G175	2010	64	130
176	11	16	G21	1984	31	215
177	12	16	G106	1986	59	215
178	12	15	G204	1979	38	110
179	12	14	G136	1984	55	230
180	12	13	G35	1986	58	250
181	12	12	G117	1986	65	320
182	12	11	G6	1980	41	215
183	12	10	G253	1982	36	215
184	12	9	G253	1980	61	225
185	12	8	G241	1984	65	110
186	12	7	G95	1983	36	270
187	12	6	G80	1986	66	250
188	12	5	G113	1983	68	220
189	12	4	G62	1983	51	210
190	12	3	G29	1984	38	210
191	12	2	G32	2003	69	240
192	12	1	G53	1986	39	300
193	13	1	G4	1980	52	255
194	13	2	G1	1980	62	225
195	13	3	G78	1980	64	315
196	13	4	G89	1983	46	260
197	13	5	G99	2010	62	270
198	13	6	G10	2018	95	285
199	13	7	G19	1984	54	290
200	13	8	G20	1992	63	120
201	13	9	G139	1985	34	220
202	13	10	G118	1986	36	266
203	13	11	G144	2002	69	320
204	13	12	G50	1988	54	270
205	13	13	G30	2003	51	230
206	13	14	G140	1984	65	270
207	13	15	G110	1986	63	265
208	13	16	G37	2003	50	270
209	14	16	G102	1983	65	260
210	14	15	G54	1980	39	230
211	14	14	G180	1983	70	340
212	14	13	G79	1983	34	280
213	14	12	G10	2018	95	290
214	14	11	G85	1980	63	310
215	14	10	G66	1983	30	290
216	14	9	G91	1983	56	330
217	14	8	G76	1980	68	310
218	14	7	G130	1983	66	300
219	14	6	G72	1983	62	260
220	14	5	G152	1980	57	330
221	14	4	G87	1980	57	170
222	14	3	G69	2003	33	265
223	14	2	G150	1982	60	340
224	14	1	G73	1983	57	335
225	15	1	G147	1982	61	330
226	15	2	G151	1980	47	380
227	15	3	G71	1983	37	315
228	15	4	G70	1983	68	390
229	15	5	G101	1986	41	360
230	15	6	G153	1982	45	420
231	15	7	G10	2018	95	300
232	15	8	G105	1984	56	280
233	15	9	G146	1982	44	350
234	15	10	G148	1982	38	400
235	15	11	G142	1982	47	400
236	15	12	G67	2003	36	400
237	15	13	G114	2010	70	110
238	15	14	G57	1983	68	120
239	15	15	G58	1985	69	70
240	15	16	G210	1983	57	75
241	16	16	G198	1983	60	115
242	16	15	G251	2003	69	235
243	16	14	G40	1983	57	120
244	16	13	G41	1983	47	110
245	16	12	G36	2003	63	120
246	16	11	G36	1983	61	125
247	16	10	G38	1983	56	130
248	16	9	G39	2003	48	140
249	16	8	G39	1983	64	140
250	16	7	G43	2003	65	135
251	16	6	G44	1983	64	130
252	16	5	G45	2003	62	90
253	16	4	G45	1983	66	115
254	16	3	G160	2003	36	155
255	16	2	G174	1984	46	170
256	16	1	G51	2003	54	NA
257	17	1	G52	2003	66	NA
258	17	2	G84	2004	64	410
259	17	3	G56	2003	54	110
260	17	4	G187	1990	60	130
261	17	5	G165	2005	69	320
262	17	6	G166	2005	69	240
263	17	7	G167	1993	60	320
264	17	8	G168	1992	35	380
265	17	9	G169	1996	60	360
266	17	10	G170	1996	65	320
267	17	11	G171	1991	67	350
268	17	12	G172	1992	66	380
269	17	13	G173	1992	67	380
270	17	14	G143	1982	67	380
271	17	15	G145	1982	65	385
272	17	16	G103	1986	59	400
273	18	16	G68	2003	34	400
274	18	15	G112	2005	68	410
275	18	14	G104	2003	54	300
276	18	13	G108	2003	69	420
277	18	12	G11	2018	95	400
278	18	11	G11	2018	95	410
279	18	10	G13	2018	95	95
280	18	9	G11	2018	95	408
281	18	8	G10	2018	95	300
282	18	7	G11	2018	95	398
283	18	6	G10	2018	95	290
284	18	5	G11	2018	95	407
285	18	4	G11	2018	95	400
286	18	3	G13	2018	95	125
287	18	2	G13	2018	95	115
288	18	1	G10	2018	95	300